19 19 19 19 19 19 19 19 19 19 19 19 19 19 19 19 19 19 19 19
19 19 19 19 19 19 19 19 19 19 19 19 19 19 19 19 19 19 19 19
19 16 16 16 16 16 16 16 16 16 16 16 16 16 16 16 16 16 16 19
21 14 7 7 7 7 7 7 7 7 7 7 7 7 7 7 7 7 15 20
21 11 0 0 0 0 0 0 0 0 0 0 0 0 0 0 0 0 10 20
21 11 0 0 0 0 0 0 0 0 0 0 0 0 0 0 0 0 10 20
21 11 0 0 0 0 0 0 0 0 0 0 0 0 0 0 0 0 10 20
21 11 0 0 0 0 0 0 0 0 0 0 0 0 0 0 0 0 10 20
21 11 0 0 0 0 0 0 0 0 0 0 0 0 0 0 0 0 10 20
21 11 0 0 0 0 0 0 0 0 0 0 0 0 0 0 0 0 10 20
21 12 35 35 35 35 35 35 35 35 35 35 35 35 35 35 35 35 13 20
19 22 22 22 22 22 22 22 22 22 22 22 22 22 22 22 22 22 22 19
